100
2 10
7 16
11 10
13 3
14 11
17 13
17 20
18 7
20 15
21 15
21 15
25 11
25 13
25 5
26 2
26 16
28 13
39 3
42 19
42 16
48 9
48 1
54 5
55 15
58 6
62 6
66 6
71 18
72 9
74 11
76 12
77 5
77 4
77 12
79 6
82 9
85 4
86 19
87 9
87 20
89 6
90 5
93 17
95 10
95 20
99 2
101 19
103 20
105 10
105 14
107 6
109 11
110 3
111 8
112 13
112 19
115 7
115 4
118 12
119 5
120 16
120 2
120 7
120 7
125 15
125 14
125 1
127 8
128 18
129 8
133 19
134 6
134 6
136 3
142 11
143 14
143 16
146 15
146 20
147 8
147 16
154 12
161 5
162 18
167 18
170 10
176 19
178 3
179 6
182 5
182 9
182 18
182 9
183 20
185 6
191 17
193 5
193 4
194 3
198 12
